%YAML:1.0
---
K: !!opencv-matrix
   rows: 3
   cols: 3
   dt: d
   data: [ 5.0007146306655085e+02, 0., 2.2053978422606042e+02, 0.,
       7.6337153778965376e+02, 2.4838956336204635e+02, 0., 0., 1. ]
D: !!opencv-matrix
   rows: 1
   cols: 5
   dt: d
   data: [ -7.0054853770175396e-01, 0., -1.0134812713866868e-02,
       8.2899757502734137e-02, 7.4027522768868215e-01 ]
