%YAML:1.0
---
K: !!opencv-matrix
   rows: 3
   cols: 3
   dt: d
   data: [ 5.0007146309767234e+02, 0., 2.2053978428047989e+02, 0.,
       7.6337153779758080e+02, 2.4838956334142947e+02, 0., 0., 1. ]
D: !!opencv-matrix
   rows: 1
   cols: 5
   dt: d
   data: [ -7.0054853769916259e-01, 0., -1.0134812696010921e-02,
       8.2899757433872276e-02, 7.4027522862312745e-01 ]
